00111100000000010001000000000000
00110100001001000000000000010101
00111100000000010000000000000000
00110100001000100000000000000100
00000000000000000000000000000000
01001100000000010000000000000000
01000100001001000000000000000000
00111100000000010000000000000000
00110100001000100000000000000101
00000000000000000000000000000000
00111100000000010001000000000000
00110100001001000000000000011111
00111100000000010000000000000000
00110100001000100000000000000100
00000000000000000000000000000000
01001100000000010000000000000100
01000100001001000000000000000100
00111100000000010000000000000000
00110100001000100000000000000101
00000000000000000000000000000000
00111100000000010001000000000000
01110011110111000000000000000000
00111100000000010001000000000000
01110011110110101111111111111100
00111100000000010001000000000000
00110100001001000000000000001000
00111100000000010000000000000000
00110100001000100000000000000100
00000000000000000000000000000000
00001000000000000100000000000000
00010000100001010000000000001011
00000000000111110000000000000000
00110100001001000000000000001010
00000000000111110000000000000000
00110100001000100000000000001011
00110100001000100000000000001011
00111100000000010001000000000000
00110100001001000000000001000100
00111100000000010000000000000000
00110100001000100000000000000100
00000000000000000000000000000000
00001000000100000000000000110100
00000000000111110000000000000000
00110100001001000000000000001010
00000000000111110000000000000000
00110100001000100000000000001011
00110100001000100000000000001011
00111100000000010001000000000000
00110100001001000000000000101001
00111100000000010000000000000000
00110100001000100000000000000100
00000000000000000000000000000000
00000000000111110000000000000000
00110100001000100000000000001010
00110100001000100000000000001010
